-0.13795 0.69352 -0.70711
0.58794 0.58794 0.55557
0.69134 -0.46194 0.55557
0.30866 -0.46194 -0.83147
0.49022 -0.73366 -0.47042
0.69332 -0.69371 -0.19505
0.8275 -0.55292 0.096944
0.28201 -0.78112 0.55557
-0.23675 -0.79681 0.55557
-0.66279 -0.50043 0.55557
-0.83232 -0.012831 0.55342
-0.63657 0.30592 0.70711
-0.25935 0.6573 0.70711
0.2563 0.6584 0.70711
-0.344 0.83284 -0.42847
-0.61454 0.76741 -0.17927
-0.91287 0.35648 -0.19509
-0.94091 -0.008578 -0.33344
-0.69399 -0.065202 -0.71724
-0.4816 -0.51667 -0.70711
-0.11773 -0.60415 -0.78389
0.81861 0.54383 0.18119
0.75936 0.50739 -0.40511
0.43065 0.5599 -0.70711
0.69363 -0.1372 0.70711
0.81434 0.17101 0.55408
-0.075739 0.54973 -0.83147
0.38222 0.40248 -0.83147
0.55324 -0.047291 -0.83147
-0.13793 0.89672 0.40809
-0.92722 0.21948 0.27807
-0.37099 -0.81566 -0.43005
0.35088 -0.90523 -0.22143
0.20165 0.9154 -0.33269
0.50943 -0.83722 0.17013
-0.71259 0.62627 0.28758
0.38677 0.90376 0.16139
-0.78338 -0.48513 -0.38222
0.047563 -0.84427 -0.52285
-0.95917 -0.24139 0.073882
-0.24508 0.96447 0.011266
-0.62711 -0.76492 0.061751
-0.028518 -0.99502 0.022017
-0.2955 -0.23019 0.92583
0.24843 -0.41914 0.86699
-0.065486 0.31965 0.94093
0.23002 0.0011599 0.97016
0.44181 0.30861 0.83984
-0.67676 0.44942 -0.57854
0.098608 0.071453 -0.98797
-0.21918 -0.22592 -0.94435
-0.33787 0.29255 -0.88847
0.72967 -0.39279 -0.5533
0.76653 0.15249 -0.61639
0.9807 0.15374 -0.042191
0.93466 -0.24643 -0.22859
0.93462 -0.18781 0.28509
-0.20674 -0.21493 0.15983
0.18938 -0.37287 -0.27971
0.14926 0.33235 -0.081446
0.39035 0.028712 -0.46239
-0.28875 0.25225 0.4111
0.34256 0.34788 0.38234
0.39546 -0.51205 0.24474
-0.11426 -0.24721 -0.63414
0.21368 -0.085307 0.43979
-0.41745 -0.088121 -0.24594
-0.073432 0.26128 -0.47425
-0.389 0.41372 -0.040633
0.61082 -0.043448 0.081389
