67 42 40 38
67 40 42 58
9 44 66 58
61 70 54 23
63 2 26 22
70 60 58 66
61 23 24 60
70 55 23 22
64 43 8 9
64 58 43 9
64 59 43 58
70 22 23 60
63 22 26 70
64 8 3 45
61 56 59 53
33 64 6 59
61 70 23 60
61 4 50 29
66 25 47 45
61 53 4 29
61 4 53 59
63 70 60 22
68 24 34 60
69 36 17 31
65 20 19 51
63 37 2 22
63 60 37 22
65 19 20 67
68 1 49 15
56 61 59 70
63 48 26 2
69 31 17 67
59 56 6 53
56 59 6 70
68 52 49 1
69 67 58 31
62 12 36 31
65 20 51 21
65 67 32 59
63 14 37 30
45 3 66 25
61 29 50 28
61 54 53 29
65 20 32 67
59 4 5 39
66 47 25 48
59 5 4 53
3 45 66 64
68 50 27 28
58 43 42 32
65 21 51 4
66 44 47 46
59 32 21 39
65 61 59 4
66 47 44 45
43 33 64 35
58 59 43 32
65 68 67 59
69 67 49 68
66 46 47 48
68 50 52 27
63 48 46 66
60 37 41 30
60 34 41 37
66 9 64 45
58 9 42 43
13 30 63 62
65 4 50 61
69 68 15 60
68 15 34 1
59 6 33 5
59 53 6 5
70 26 55 22
68 61 50 28
67 17 40 31
67 31 40 58
69 16 36 41
69 15 16 41
69 68 60 67
68 34 15 60
62 13 36 12
68 27 52 1
70 64 3 66
64 35 6 7
62 12 11 44
62 44 11 58
58 11 40 10
58 40 11 31
68 49 52 19
58 10 44 11
68 67 49 19
67 38 18 19
62 31 36 69
70 3 7 57
69 16 17 36
63 30 37 60
63 2 37 14
62 12 46 13
69 17 16 49
69 67 17 49
67 19 18 49
70 57 56 55
62 13 30 36
70 56 57 7
62 31 58 11
60 59 70 58
67 40 18 38
65 51 19 52
65 52 19 68
33 43 64 59
58 10 40 42
62 36 30 69
65 50 52 68
62 11 12 31
9 66 64 58
58 10 42 9
67 18 40 17
65 61 50 68
63 66 46 62
64 3 35 7
3 70 25 57
61 54 56 53
67 49 18 17
65 68 19 67
59 67 60 68
59 60 70 61
59 39 5 33
3 70 7 64
59 21 4 39
63 14 48 2
67 59 60 58
58 9 44 10
31 62 58 69
62 69 30 60
62 44 46 12
63 60 66 62
69 60 15 41
69 41 36 30
69 67 60 58
69 49 16 15
68 1 24 27
21 59 4 65
48 25 63 26
69 60 41 30
62 46 44 66
63 62 30 60
70 3 25 66
65 68 59 61
25 48 63 66
70 25 57 26
32 59 21 65
64 6 70 7
68 34 24 1
63 13 46 14
6 64 70 59
64 35 3 8
64 35 8 43
63 70 66 60
63 25 70 26
61 54 29 28
70 58 64 66
60 23 34 37
69 68 49 15
62 44 58 66
65 51 50 4
70 7 6 56
13 63 46 62
60 24 34 23
70 54 55 56
64 8 45 9
62 66 58 60
59 43 39 33
30 13 63 14
64 33 6 35
62 60 58 69
59 32 39 43
58 70 64 59
61 54 28 24
68 28 27 24
70 54 23 55
44 9 66 45
68 61 28 24
61 56 54 70
60 41 34 15
67 19 20 38
25 63 70 66
67 20 32 38
65 32 20 21
67 58 32 59
68 61 24 60
67 32 42 38
61 54 24 23
68 60 59 61
63 46 48 14
67 42 32 58
65 52 50 51
70 55 26 57
60 23 37 22
